27986796022660500288928824421882800 454804385751717204695088415650 False
[2, 3, 5, 5, 13, 13, 19, 19, 53, 59, 61, 73, 73, 79, 79, 79, 83, 97, 109, 113]
[2, 3, 5, 4705037347, 4956885205970661605627]

4699906537439757182344341393475076606851109052770 15980084007507895233185814005265 False
[3, 5, 7, 11, 19, 23, 29, 29, 41, 43, 59, 61, 71, 79, 83, 103, 103, 103, 107, 109]
[2, 5, 29, 19511152087715479819, 830631333002501314599457027]

5429173149790796793233860180309064046300 47630771450473451653399834620370 False
[2, 5, 13, 13, 17, 19, 23, 37, 37, 41, 61, 73, 83, 101, 101, 109, 109, 109, 109, 127]
[2, 3, 5, 11, 105389, 1126441, 13858493408654470536766739]

2680385942055733522311916052905304172655472596212611571800 18319938193972683901083201975 False
[3, 3, 5, 5, 7, 7, 17, 17, 29, 29, 41, 43, 47, 59, 71, 101, 107, 113, 127, 127]
[2, 5, 31, 109, 268206679634292462582509, 14788003830597725960621882069]

30787693121598694023640339187915414000 32420901984656579359372151142762 False
[2, 3, 7, 13, 19, 23, 31, 47, 53, 53, 59, 79, 83, 83, 83, 101, 101, 101, 107, 113]
[2, 5, 7, 130498601, 22761984541, 105763324432223]

2546831505899739747995403292268463639862045471236 1062102434337488435395006157588362 False
[2, 11, 13, 17, 29, 37, 37, 41, 43, 47, 59, 79, 89, 103, 103, 107, 107, 107, 109, 113]
[2, 3, 11, 23, 838877307608609930169763930259704756212794951]

20680370826043589723996809338464000 678327755698473688411432256638490 False
[2, 5, 7, 31, 31, 31, 37, 53, 53, 59, 67, 67, 73, 97, 97, 103, 103, 113, 113, 127]
[2, 5, 53, 12193614873846456205186797959]

18500656537644839736162070238898924446617820 1021021859084059586614775145879063 False
[3, 13, 17, 29, 29, 31, 37, 41, 41, 43, 53, 61, 67, 83, 89, 89, 101, 107, 113, 127]
[2, 5, 10939, 84562832697892127873489671080075529969]

31994593574783611493109892113429144268979822918200 28858432071778000915268457412 False
[2, 2, 7, 7, 11, 11, 11, 13, 17, 23, 59, 61, 71, 73, 79, 97, 103, 103, 113, 127]
[2, 5, 1499, 8999212699, 11858792023994378650968095992196791]

82397455514951692824430720210000 14383279607734624930241833935 False
[3, 3, 5, 7, 11, 13, 13, 13, 19, 29, 31, 47, 53, 71, 71, 73, 97, 101, 109, 113]
[2, 5, 47, 96997, 1807413993610061044319]

21427710010410214640217400 485646625097856767584249974600 False
[2, 2, 2, 3, 5, 5, 37, 47, 73, 79, 79, 83, 97, 97, 97, 101, 107, 107, 107, 109]
[2, 5, 13, 47, 1377688967, 127278009251]

2999338406554515169547466291351141458232576136818125 2668046095810230482136679025675 False
[5, 5, 7, 7, 11, 11, 23, 23, 31, 37, 53, 61, 79, 79, 89, 107, 107, 113, 113, 113]
[5, 7057, 287321, 90228797147, 26230876146964305277802716751]

39014643213058529637309791660 2405231781111597534933088980 False
[2, 2, 3, 3, 5, 7, 13, 17, 37, 41, 43, 59, 61, 67, 79, 83, 89, 89, 97, 109]
[2, 5, 73, 2099, 17395787, 731843574156967]

23514160468184938811599089682290582364500 104975060175175259935990268876655485 False
[5, 19, 29, 29, 37, 37, 43, 43, 53, 53, 83, 89, 103, 103, 107, 107, 113, 113, 127, 127]
[2, 3, 5, 421, 47241634564681699, 788190519735451517]

15342689824481456082608847781 3366570227694719852120212899 False
[3, 3, 7, 7, 11, 11, 13, 17, 17, 23, 31, 37, 43, 43, 67, 71, 83, 89, 97, 101]
[13, 19, 62116153135552453775744323]

292973373828014564685174219 3484443657367214960120462280339 False
[3, 3, 7, 13, 19, 19, 29, 31, 37, 41, 43, 53, 59, 67, 73, 97, 103, 103, 113, 113]
[3, 32552597092001618298352691]
